0.3 0.00804407
0.302413 0.0191241
0.308197 0.0516153
0.324104 0.0199005
0.330554 0.0589471
0.350039 0.0165587
0.355836 0.0501138
0.373668 0.0483651
0.39174 0.0325773
0.404502 0.00590533
0.406891 0.0294388
0.418869 0.0340385
0.433127 0.0473836
0.45365 0.0376824
0.470745 0.030488
0.485097 0.0268752
0.498134 0.00556841
0.500908 0.0390942
0.52049 0.020188
0.530998 0.0104575
0.536551 0.0332896
0.554412 0.0309549
0.571574 0.0282339
0.587712 0.00928922
0.593171 0.0462813
0.620624 0.0283254
0.638203 0.0326872
