28 0.45 0.315
29 0.4635 0.63945
30 0.477405 0.973634
31 0.491727 1.31784
32 0.506479 1.67238
33 0.521673 2.03755
34 0.537324 2.41368
35 0.553443 2.80109
36 0.570047 3.20012
37 0.587148 3.61112
38 0.604762 4.03446
39 0.622905 4.47049
40 0.641592 4.9196
41 0.66084 5.38219
42 0.680665 5.85866
43 0.701085 6.34942
44 0.722118 6.8549
45 0.743781 7.37555
46 0.766095 7.91181
47 0.789078 8.46417
48 0.81275 9.03309
49 0.837133 9.61909
50 0.862247 10.2227
51 0.888114 10.8443
52 0.914757 11.4847
53 0.9422 12.1442
54 0.970466 12.8235
55 0.49979 13.1734
56 0.49979 13.5232
57 0.49979 13.8731
58 0.49979 14.2229
59 0.49979 14.5728
60 0.49979 14.9227
61 0.646002 15.5687
62 0.646002 16.2147
63 0.646002 16.8607
64 0.646002 17.5067
65 0.646002 18.1527
66 0.646002 18.7987
67 0.646002 19.4447
68 0.646002 20.0907
69 0.646002 20.7367
70 0.646002 21.3827
71 0.646002 22.0287
72 0.646002 22.6747
73 0.646002 23.3207
74 0.646002 23.9667
75 0.646002 24.6127
76 0.646002 25.2587
77 0.646002 25.9047
78 0.646002 26.5507
79 0.646002 27.1967
80 0.646002 27.8427
81 0.646002 28.4887
82 0.646002 29.1347
83 0.646002 29.7807
84 0.646002 30.4267
85 0.646002 31.0727
86 0.646002 31.7187
87 0.646002 32.3647
88 0.646002 33.0107
89 0.646002 33.6567
90 0.646002 34.3027
91 0.646002 34.9487
92 0.646002 35.5947
93 0.646002 36.2407
94 0.646002 36.8867
95 0.646002 37.5327
96 0.646002 38.1787
97 0.646002 38.8247
98 0.646002 39.4707
99 0.646002 40.1167
100 0.646002 40.7627
101 0.646002 41.4087
102 0.646002 42.0547
103 0.646002 42.7008
104 0.646002 43.3468
105 0.646002 43.9928
106 0.646002 44.6388
107 0.646002 45.2848
108 0.646002 45.9308
109 0.646002 46.5768
110 0.646002 47.2228
111 0.646002 47.8688
112 0.646002 48.5148
113 0.646002 49.1608
114 0.646002 49.8068
115 0.646002 50.4528
116 0.646002 51.0988
117 0.646002 51.7448
118 0.646002 52.3908
119 0.646002 53.0368
